{
  "advancedEditorSelectedIdentifier" : "ProjectBrowser",
  "openSceneRelativePaths" : [
    "BubbleScene.usda",
    "Scene.usda"
  ],
  "recentIdentifiers" : {
    "8C47FF41-384D-42EC-8E61-C47CF3D011FE" : [

    ]
  },
  "sceneCameraHistory" : {
    "8C47FF41-384D-42EC-8E61-C47CF3D011FE" : [
      {
        "date" : 749487984.67969,
        "title" : "Untitled",
        "transform" : [
          -0.9971759,
          4.2421773e-09,
          -0.0751024,
          0,
          -0.04272941,
          0.8223727,
          0.5673424,
          0,
          0.061762065,
          0.5689493,
          -0.8200502,
          0,
          -0.42667896,
          0.25698027,
          -0.523746,
          1
        ]
      },
      {
        "date" : 749487981.139259,
        "title" : "Untitled",
        "transform" : [
          -0.9971759,
          4.2421773e-09,
          -0.0751024,
          0,
          -0.04272941,
          0.8223727,
          0.5673424,
          0,
          0.061762065,
          0.5689493,
          -0.8200502,
          0,
          -0.44824585,
          0.05830672,
          -0.2373895,
          1
        ]
      },
      {
        "date" : 749487962.952319,
        "title" : "Untitled",
        "transform" : [
          -0.9971759,
          4.2421773e-09,
          -0.0751024,
          0,
          -0.04272941,
          0.8223727,
          0.5673424,
          0,
          0.061762065,
          0.5689493,
          -0.8200502,
          0,
          -0.4332099,
          0.19681726,
          -0.4370305,
          1
        ]
      },
      {
        "date" : 749487924.899012,
        "title" : "Untitled",
        "transform" : [
          -0.9918049,
          1.0424641e-08,
          0.1277623,
          0,
          0.07261982,
          0.8227539,
          0.5637397,
          0,
          -0.10511692,
          0.5683979,
          -0.81601125,
          0,
          -0.6979075,
          0.09098616,
          -0.3564235,
          1
        ]
      },
      {
        "date" : 749487919.514495,
        "title" : "Untitled",
        "transform" : [
          -0.9996456,
          1.0125465e-08,
          0.026624244,
          0,
          0.014177649,
          0.8464246,
          0.5323199,
          0,
          -0.02253541,
          0.5325087,
          -0.84612453,
          0,
          -0.5700422,
          0.037407603,
          -0.3422991,
          1
        ]
      },
      {
        "date" : 749465813.00056,
        "title" : "Untitled",
        "transform" : [
          -0.9996456,
          1.0125465e-08,
          0.026624244,
          0,
          0.014177649,
          0.8464246,
          0.5323199,
          0,
          -0.02253541,
          0.5325087,
          -0.84612453,
          0,
          -0.5731099,
          0.10989685,
          -0.4574802,
          1
        ]
      },
      {
        "date" : 749465810.317286,
        "title" : "Untitled",
        "transform" : [
          -0.9996456,
          1.0125465e-08,
          0.026624244,
          0,
          0.014177649,
          0.8464246,
          0.5323199,
          0,
          -0.02253541,
          0.5325087,
          -0.84612453,
          0,
          -0.5729458,
          0.10601804,
          -0.45131698,
          1
        ]
      },
      {
        "date" : 749465808.332044,
        "title" : "Untitled",
        "transform" : [
          -0.9996455,
          8.768097e-09,
          0.026624247,
          0,
          0.014177545,
          0.84642446,
          0.5323199,
          0,
          -0.022535482,
          0.53250885,
          -0.84612435,
          0,
          -0.3587103,
          0.39999276,
          -0.8763039,
          1
        ]
      },
      {
        "date" : 749465804.660513,
        "title" : "Untitled",
        "transform" : [
          -0.96686786,
          8.82892e-09,
          0.25527716,
          0,
          0.1591733,
          0.78179824,
          0.6028727,
          0,
          -0.19957526,
          0.6235317,
          -0.75589544,
          0,
          -0.54456323,
          0.49188513,
          -0.83489573,
          1
        ]
      },
      {
        "date" : 749465799.726279,
        "title" : "Untitled",
        "transform" : [
          -0.9748083,
          1.20753345e-08,
          0.22304493,
          0,
          0.22290896,
          0.03489969,
          0.97421443,
          0,
          -0.007784223,
          0.99939084,
          -0.03402035,
          0,
          -0.34139368,
          0.85294056,
          -0.06459903,
          1
        ]
      }
    ]
  },
  "sceneViewportBackgroundColors" : {

  },
  "selectedSceneRelativePath" : "BubbleScene.usda"
}