{
  "advancedEditorSelectedIdentifier" : "ShaderGraphEditorPluginID",
  "openSceneRelativePaths" : [
    "BubbleScene.usda",
    "Scene.usda"
  ],
  "recentIdentifiers" : {
    "8C47FF41-384D-42EC-8E61-C47CF3D011FE" : [

    ]
  },
  "sceneCameraHistory" : {
    "8C47FF41-384D-42EC-8E61-C47CF3D011FE" : [
      {
        "date" : 749386246.511817,
        "title" : "Untitled",
        "transform" : [
          -0.108078964,
          7.0897386e-09,
          0.99414223,
          0,
          -0.9881355,
          0.1097624,
          -0.10742602,
          0,
          -0.109119326,
          -0.9939578,
          -0.011863,
          0,
          -0.2831612,
          -1.3760755,
          0.44482017,
          1
        ]
      },
      {
        "date" : 749386245.219939,
        "title" : "Untitled",
        "transform" : [
          -0.108078964,
          7.0897386e-09,
          0.99414223,
          0,
          -0.9881355,
          0.1097624,
          -0.10742602,
          0,
          -0.109119326,
          -0.9939578,
          -0.011863,
          0,
          -0.27248272,
          -1.3763375,
          0.36855257,
          1
        ]
      },
      {
        "date" : 749386221.540565,
        "title" : "Untitled",
        "transform" : [
          -0.24801488,
          1.0260674e-08,
          0.9687562,
          0,
          0.08135536,
          0.9964675,
          0.020828005,
          0,
          -0.96533406,
          0.083979055,
          -0.24713877,
          0,
          -0.9383103,
          0.095269784,
          -0.12999314,
          1
        ]
      },
      {
        "date" : 749386206.244547,
        "title" : "Untitled",
        "transform" : [
          -0.03750536,
          9.838221e-09,
          0.9992964,
          0,
          0.061183687,
          0.99812394,
          0.0022962468,
          0,
          -0.9974216,
          0.061226644,
          -0.03743492,
          0,
          -1.0175738,
          0.07156165,
          0.081870824,
          1
        ]
      },
      {
        "date" : 749386201.921786,
        "title" : "Untitled",
        "transform" : [
          -0.03750536,
          9.838221e-09,
          0.9992964,
          0,
          0.061183687,
          0.99812394,
          0.0022962468,
          0,
          -0.99742174,
          0.06122665,
          -0.037434924,
          0,
          -0.98797405,
          0.41748086,
          -0.14102533,
          1
        ]
      },
      {
        "date" : 749386195.858556,
        "title" : "Untitled",
        "transform" : [
          -0.15475123,
          9.815997e-09,
          0.9879535,
          0,
          -0.042651154,
          0.9990677,
          -0.006680885,
          0,
          -0.9870325,
          -0.04317134,
          -0.1546069,
          0,
          -0.96542567,
          0.31247252,
          -0.26818192,
          1
        ]
      },
      {
        "date" : 749386179.633401,
        "title" : "Untitled",
        "transform" : [
          0.93259245,
          1.6921616e-08,
          0.3609313,
          0,
          0.15133762,
          0.9078488,
          -0.39103398,
          0,
          -0.327671,
          0.41929775,
          0.8466529,
          0,
          -0.1220406,
          0.217034,
          0.34376004,
          1
        ]
      },
      {
        "date" : 749386058.980425,
        "title" : "Untitled",
        "transform" : [
          0.99936914,
          9.583816e-10,
          0.035513,
          0,
          0.0016919062,
          0.9988645,
          -0.047611862,
          0,
          -0.035472676,
          0.04764191,
          0.9982344,
          0,
          -0.0032411786,
          0.06609927,
          0.40466863,
          1
        ]
      },
      {
        "date" : 749384968.298994,
        "title" : "Untitled",
        "transform" : [
          0.9993692,
          9.3065833e-10,
          0.035513,
          0,
          0.001691897,
          0.9988645,
          -0.04761186,
          0,
          -0.03547266,
          0.047641933,
          0.99823445,
          0,
          -0.010136027,
          0.05474716,
          0.5302343,
          1
        ]
      },
      {
        "date" : 749384959.163715,
        "title" : "Untitled",
        "transform" : [
          0.99910355,
          8.944483e-10,
          0.04233371,
          0,
          0.0017125235,
          0.9991814,
          -0.04041692,
          0,
          -0.04229905,
          0.040453207,
          0.99828565,
          0,
          -0.013755605,
          0.050928134,
          0.53008294,
          1
        ]
      }
    ]
  },
  "sceneViewportBackgroundColors" : {

  },
  "selectedSceneRelativePath" : "BubbleScene.usda"
}