{
  "advancedEditorSelectedIdentifier" : "ProjectBrowser",
  "openSceneRelativePaths" : [
    "CharacterAnimations.usda",
    "Immersive.usda",
    "ImpactParticle.usda",
    "MainParticle.usda"
  ],
  "recentIdentifiers" : {

  },
  "sceneCameraHistory" : {
    "29A6587C-7F91-44E0-987B-A154F33A04C1" : [
      {
        "date" : 743541239.905194,
        "title" : "Untitled",
        "transform" : [
          0.8680612,
          -3.4987697e-09,
          0.49645722,
          0,
          0.084295794,
          0.9854794,
          -0.14739215,
          0,
          -0.4892484,
          0.16979465,
          0.8554565,
          0,
          -1.5027894,
          0.51547337,
          17.573154,
          1
        ]
      },
      {
        "date" : 743540965.56988,
        "title" : "Untitled",
        "transform" : [
          0.8680612,
          5.3110503e-09,
          0.49645728,
          0,
          0.08429581,
          0.9854794,
          -0.14739217,
          0,
          -0.48924845,
          0.1697947,
          0.8554564,
          0,
          -1.5027895,
          0.51547295,
          17.573154,
          1
        ]
      },
      {
        "date" : 743540963.475272,
        "title" : "Untitled",
        "transform" : [
          0.8680612,
          1.4253811e-08,
          0.49645734,
          0,
          0.08429576,
          0.9854795,
          -0.14739223,
          0,
          -0.48924842,
          0.16979466,
          0.8554564,
          0,
          -0.34468836,
          -0.70845693,
          7.569769,
          1
        ]
      },
      {
        "date" : 743540946.180872,
        "title" : "Untitled",
        "transform" : [
          1,
          0,
          -0,
          0,
          -0,
          0.7071069,
          -0.7071067,
          0,
          0,
          0.7071067,
          0.7071069,
          0,
          5.411828,
          6.1861944,
          6.477168,
          1
        ]
      }
    ],
    "4F483F39-E8AB-4455-9C3C-BD396F37E620" : [
      {
        "date" : 743620846.155301,
        "title" : "Untitled",
        "transform" : [
          0.9937184,
          7.1654027e-10,
          -0.11190937,
          0,
          -0.0047153234,
          0.99911195,
          -0.04187052,
          0,
          0.11180998,
          0.042135194,
          0.9928359,
          0,
          0.2891741,
          0.10897423,
          2.5677714,
          1
        ]
      },
      {
        "date" : 743620844.328576,
        "title" : "Untitled",
        "transform" : [
          0.9937184,
          7.1654027e-10,
          -0.11190937,
          0,
          -0.0047153234,
          0.99911195,
          -0.04187052,
          0,
          0.11180998,
          0.042135194,
          0.9928359,
          0,
          0.2891741,
          0.10897423,
          2.5677714,
          1
        ]
      },
      {
        "date" : 743620664.633249,
        "title" : "Untitled",
        "transform" : [
          0.9937184,
          3.9318138e-10,
          -0.11190937,
          0,
          -0.0047153514,
          0.9991119,
          -0.041870467,
          0,
          0.11180998,
          0.042135194,
          0.9928359,
          0,
          0.2891741,
          0.10897423,
          2.5677714,
          1
        ]
      }
    ],
    "B6521AAE-905F-4405-9354-A15578006B63" : [
      {
        "date" : 743621519.372304,
        "title" : "Untitled",
        "transform" : [
          1,
          0,
          0,
          0,
          0,
          0.7071069,
          -0.70710677,
          0,
          0,
          0.70710677,
          0.7071069,
          0,
          0,
          2.5981975,
          2.598198,
          1
        ]
      }
    ]
  },
  "sceneViewportBackgroundColors" : {

  },
  "selectedSceneRelativePath" : "ImpactParticle.usda"
}