{
  "advancedEditorSelectedIdentifier" : "ProjectBrowser",
  "openSceneRelativePaths" : [
    "Immersive.usda",
    "Cloud_chunk.usda",
    "Cloud_A.usda",
    "Bird_with_audio.usda"
  ],
  "recentIdentifiers" : {
    "1D572CEB-057A-41C3-B575-04C37501A3C0" : [

    ],
    "A4C554F4-3C70-4CF1-8FF0-978461C1F205" : [

    ]
  },
  "sceneCameraHistory" : {
    "1D572CEB-057A-41C3-B575-04C37501A3C0" : [
      {
        "date" : 745705984.326548,
        "title" : "Untitled",
        "transform" : [
          0.8482411,
          3.7852704e-08,
          -0.5296102,
          0,
          -0.3097965,
          0.811068,
          -0.49618018,
          0,
          0.4295499,
          0.5849519,
          0.68798125,
          0,
          -2.3574905,
          1.3857166,
          6.338076,
          1
        ]
      },
      {
        "date" : 745705981.830939,
        "title" : "Untitled",
        "transform" : [
          0.8482411,
          3.7852704e-08,
          -0.5296102,
          0,
          -0.3097965,
          0.811068,
          -0.49618018,
          0,
          0.4295499,
          0.5849519,
          0.68798125,
          0,
          -2.329351,
          1.3897713,
          6.3170567,
          1
        ]
      },
      {
        "date" : 745705979.504542,
        "title" : "Untitled",
        "transform" : [
          0.8482411,
          3.7852704e-08,
          -0.5296102,
          0,
          -0.3097965,
          0.811068,
          -0.49618018,
          0,
          0.4295499,
          0.5849519,
          0.68798125,
          0,
          -2.313455,
          1.3370515,
          6.3519588,
          1
        ]
      },
      {
        "date" : 745705897.595257,
        "title" : "Untitled",
        "transform" : [
          0.8482411,
          3.7852704e-08,
          -0.5296102,
          0,
          -0.3097965,
          0.811068,
          -0.49618018,
          0,
          0.4295499,
          0.5849519,
          0.68798125,
          0,
          -2.6610875,
          1.2478338,
          6.644859,
          1
        ]
      },
      {
        "date" : 745705888.258325,
        "title" : "Untitled",
        "transform" : [
          0.8482411,
          3.7852704e-08,
          -0.5296102,
          0,
          -0.3097965,
          0.811068,
          -0.49618018,
          0,
          0.4295499,
          0.5849519,
          0.68798125,
          0,
          -2.6610875,
          1.2478338,
          6.644859,
          1
        ]
      },
      {
        "date" : 745705873.83858,
        "title" : "Untitled",
        "transform" : [
          0.8482411,
          3.7852704e-08,
          -0.5296102,
          0,
          -0.3097965,
          0.811068,
          -0.49618018,
          0,
          0.4295499,
          0.5849519,
          0.68798125,
          0,
          -2.6610875,
          1.2478338,
          6.644859,
          1
        ]
      },
      {
        "date" : 745705861.594823,
        "title" : "Untitled",
        "transform" : [
          0.8482411,
          3.7852704e-08,
          -0.5296102,
          0,
          -0.3097965,
          0.811068,
          -0.49618018,
          0,
          0.4295499,
          0.5849519,
          0.68798125,
          0,
          -2.6803331,
          1.2316185,
          6.670666,
          1
        ]
      },
      {
        "date" : 745705858.43315,
        "title" : "Untitled",
        "transform" : [
          0.84824115,
          2.3511328e-07,
          -0.52961034,
          0,
          -0.30979675,
          0.81106794,
          -0.4961801,
          0,
          0.4295499,
          0.5849519,
          0.68798125,
          0,
          -2.6803331,
          1.2316185,
          6.670666,
          1
        ]
      },
      {
        "date" : 745705838.525691,
        "title" : "Untitled",
        "transform" : [
          0.85004455,
          2.3493206e-07,
          -0.52671087,
          0,
          -0.29776406,
          0.82486683,
          -0.48055297,
          0,
          0.43446627,
          0.5653269,
          0.70117366,
          0,
          -2.6699817,
          1.1902981,
          6.698443,
          1
        ]
      },
      {
        "date" : 745705834.385037,
        "title" : "Untitled",
        "transform" : [
          0.85004455,
          2.3493206e-07,
          -0.52671087,
          0,
          -0.29776406,
          0.82486683,
          -0.48055297,
          0,
          0.43446627,
          0.5653269,
          0.70117366,
          0,
          -1.8965797,
          2.1750627,
          7.700105,
          1
        ]
      }
    ],
    "877DFCB2-F51C-4E6C-AB9E-B554A9CFE6A7" : [
      {
        "date" : 745135236.123251,
        "title" : "Untitled",
        "transform" : [
          0.9847133,
          -1.9282598e-09,
          -0.17418328,
          0,
          -0.024134913,
          0.99035394,
          -0.13644233,
          0,
          0.17250311,
          0.13856049,
          0.9752147,
          0,
          -1.293944,
          1.2613122,
          5.2434134,
          1
        ]
      },
      {
        "date" : 745135232.693682,
        "title" : "Untitled",
        "transform" : [
          0.9847133,
          -1.9282598e-09,
          -0.17418328,
          0,
          -0.024134913,
          0.99035394,
          -0.13644233,
          0,
          0.17250311,
          0.13856049,
          0.9752147,
          0,
          -0.8646432,
          0.8428377,
          3.5037687,
          1
        ]
      },
      {
        "date" : 745012224.874305,
        "title" : "Untitled",
        "transform" : [
          0.9847133,
          -1.9282598e-09,
          -0.17418328,
          0,
          -0.024134913,
          0.99035394,
          -0.13644233,
          0,
          0.17250311,
          0.13856049,
          0.9752147,
          0,
          -0.24943507,
          0.24314456,
          1.0107787,
          1
        ]
      },
      {
        "date" : 745012218.846509,
        "title" : "Untitled",
        "transform" : [
          0.9847133,
          -1.9282598e-09,
          -0.17418328,
          0,
          -0.024134913,
          0.99035394,
          -0.13644233,
          0,
          0.17250311,
          0.13856049,
          0.9752147,
          0,
          -0.26668203,
          0.21376398,
          0.77009654,
          1
        ]
      },
      {
        "date" : 745012212.872873,
        "title" : "Untitled",
        "transform" : [
          0.98471314,
          -1.3395398e-09,
          -0.17418326,
          0,
          -0.024134919,
          0.9903539,
          -0.13644232,
          0,
          0.17250307,
          0.13856041,
          0.9752146,
          0,
          0.26081675,
          0.2851342,
          1.5003853,
          1
        ]
      },
      {
        "date" : 745012206.169415,
        "title" : "Untitled",
        "transform" : [
          0.4449488,
          -5.649166e-10,
          -0.895556,
          0,
          -0.072840855,
          0.9966867,
          -0.03619031,
          0,
          0.8925888,
          0.08133586,
          0.4434746,
          0,
          0.5756413,
          0.24570142,
          0.8915653,
          1
        ]
      },
      {
        "date" : 745012203.886585,
        "title" : "Untitled",
        "transform" : [
          0.45794776,
          -8.5447605e-10,
          -0.8889791,
          0,
          0.0046968325,
          0.9999861,
          0.0024195279,
          0,
          0.88896674,
          -0.0052834516,
          0.45794138,
          0,
          0.57223344,
          0.16690262,
          0.9046689,
          1
        ]
      },
      {
        "date" : 745012199.473817,
        "title" : "Untitled",
        "transform" : [
          0.99717903,
          1.7654855e-10,
          0.075059995,
          0,
          0.0076553267,
          0.99478555,
          -0.10170174,
          0,
          -0.0746686,
          0.101989396,
          0.99197924,
          0,
          -0.23197229,
          0.2645167,
          1.5205326,
          1
        ]
      },
      {
        "date" : 745012195.713612,
        "title" : "Untitled",
        "transform" : [
          0.9999015,
          1.933983e-09,
          -0.014037934,
          0,
          -0.010166648,
          0.68956196,
          -0.7241554,
          0,
          0.00968002,
          0.7242267,
          0.689494,
          0,
          -0.10196355,
          1.0683445,
          1.3019087,
          1
        ]
      },
      {
        "date" : 745012185.830346,
        "title" : "Untitled",
        "transform" : [
          0.9999016,
          1.9339832e-09,
          -0.014037936,
          0,
          -0.010166649,
          0.689562,
          -0.7241555,
          0,
          0.00968002,
          0.7242267,
          0.689494,
          0,
          0.033629104,
          1.7630007,
          1.7539935,
          1
        ]
      }
    ],
    "A4C554F4-3C70-4CF1-8FF0-978461C1F205" : [
      {
        "date" : 745187029.936896,
        "title" : "Untitled",
        "transform" : [
          -0.9531953,
          2.3116042e-08,
          -0.30235547,
          0,
          -0.2834416,
          0.3481331,
          0.8935683,
          0,
          0.10525997,
          0.93744504,
          -0.33183888,
          0,
          0.045987815,
          0.14774549,
          -0.023424998,
          1
        ]
      },
      {
        "date" : 745187024.124937,
        "title" : "Untitled",
        "transform" : [
          0.19487548,
          1.1071385e-08,
          -0.980828,
          0,
          -0.4531505,
          0.8868757,
          -0.090034045,
          0,
          0.86987245,
          0.46200812,
          0.17283033,
          0,
          0.14429228,
          0.058774866,
          0.097480044,
          1
        ]
      },
      {
        "date" : 745187015.525484,
        "title" : "Untitled",
        "transform" : [
          0.93295777,
          1.04277404e-08,
          -0.35998574,
          0,
          -0.11121798,
          0.95107794,
          -0.2882383,
          0,
          0.3423745,
          0.30895105,
          0.8873156,
          0,
          0.0044537284,
          0.03125089,
          0.18812984,
          1
        ]
      },
      {
        "date" : 745187009.303834,
        "title" : "Untitled",
        "transform" : [
          0.8612804,
          1.4253281e-07,
          -0.5081299,
          0,
          -0.22744274,
          0.8942303,
          -0.3855153,
          0,
          0.4543851,
          0.44760722,
          0.7701831,
          0,
          0.027084697,
          0.06144859,
          0.159009,
          1
        ]
      },
      {
        "date" : 745187004.364882,
        "title" : "Untitled",
        "transform" : [
          0.8612804,
          1.4253281e-07,
          -0.5081299,
          0,
          -0.22744274,
          0.8942303,
          -0.3855153,
          0,
          0.4543851,
          0.44760722,
          0.7701831,
          0,
          0.06722204,
          0.03909287,
          0.14832176,
          1
        ]
      },
      {
        "date" : 745187003.348671,
        "title" : "Untitled",
        "transform" : [
          0.8612804,
          1.4253281e-07,
          -0.5081299,
          0,
          -0.22744274,
          0.8942303,
          -0.3855153,
          0,
          0.4543851,
          0.44760722,
          0.7701831,
          0,
          0.06722204,
          0.03909287,
          0.14832176,
          1
        ]
      },
      {
        "date" : 745186999.973651,
        "title" : "Untitled",
        "transform" : [
          0.84009504,
          0.00041115936,
          -0.5424391,
          0,
          -0.31065384,
          0.82013094,
          -0.48049918,
          0,
          0.4446735,
          0.57217574,
          0.68911564,
          0,
          0.06722204,
          0.03909287,
          0.14832176,
          1
        ]
      },
      {
        "date" : 745186993.457405,
        "title" : "Untitled",
        "transform" : [
          0.93548536,
          -2.9265177e-09,
          -0.35336527,
          0,
          -0.108929045,
          0.9513016,
          -0.28837448,
          0,
          0.33615693,
          0.30826184,
          0.88992864,
          0,
          0.06722204,
          0.03909287,
          0.14832176,
          1
        ]
      },
      {
        "date" : 745186938.168075,
        "title" : "Untitled",
        "transform" : [
          0.9354854,
          9.395793e-09,
          -0.35336527,
          0,
          -0.10892904,
          0.9513015,
          -0.28837445,
          0,
          0.33615693,
          0.30826184,
          0.88992864,
          0,
          0.06722204,
          0.03909287,
          0.14832176,
          1
        ]
      },
      {
        "date" : 745186875.351948,
        "title" : "Untitled",
        "transform" : [
          0.9354855,
          9.942237e-09,
          -0.3533653,
          0,
          -0.10892902,
          0.9513015,
          -0.28837445,
          0,
          0.33615702,
          0.30826184,
          0.88992864,
          0,
          -0.013499802,
          0.05050921,
          0.215567,
          1
        ]
      }
    ],
    "D8413667-ABE9-4D19-B78C-541BDEE524DC" : [
      {
        "date" : 745011881.56447,
        "title" : "Untitled",
        "transform" : [
          1,
          0,
          0,
          0,
          0,
          0.7071069,
          -0.7071067,
          0,
          0,
          0.7071067,
          0.7071069,
          0,
          -2.0984426e-07,
          0.36585015,
          0.36585015,
          1
        ]
      },
      {
        "date" : 745011855.205259,
        "title" : "Untitled",
        "transform" : [
          1,
          0,
          0,
          0,
          0,
          0.7071069,
          -0.7071067,
          0,
          0,
          0.7071067,
          0.7071069,
          0,
          -1.4570644e-07,
          0.25402993,
          0.25402993,
          1
        ]
      },
      {
        "date" : 745011853.922559,
        "title" : "Untitled",
        "transform" : [
          1,
          0,
          0,
          0,
          0,
          0.7071069,
          -0.7071067,
          0,
          0,
          0.7071067,
          0.7071069,
          0,
          -1.2055862e-07,
          0.21018633,
          0.21018633,
          1
        ]
      },
      {
        "date" : 745011852.906515,
        "title" : "Untitled",
        "transform" : [
          1,
          0,
          0,
          0,
          0,
          0.7071069,
          -0.7071067,
          0,
          0,
          0.7071067,
          0.7071069,
          0,
          -1.05331914e-07,
          0.18363953,
          0.18363953,
          1
        ]
      },
      {
        "date" : 745011851.495097,
        "title" : "Untitled",
        "transform" : [
          1,
          0,
          0,
          0,
          0,
          0.7071069,
          -0.7071067,
          0,
          0,
          0.7071067,
          0.7071069,
          0,
          -8.740525e-08,
          0.15238552,
          0.15238552,
          1
        ]
      },
      {
        "date" : 745011847.432027,
        "title" : "Untitled",
        "transform" : [
          1,
          0,
          -0,
          0,
          -0,
          0.7071069,
          -0.7071067,
          0,
          0,
          0.7071067,
          0.7071069,
          0,
          -6.053597e-08,
          0.10554063,
          0.10554063,
          1
        ]
      },
      {
        "date" : 745011029.861544,
        "title" : "Untitled",
        "transform" : [
          1,
          0,
          0,
          0,
          0,
          0.7071069,
          -0.7071067,
          0,
          0,
          0.7071067,
          0.7071069,
          0,
          -9.313226e-10,
          1.3739799,
          1.3739802,
          1
        ]
      },
      {
        "date" : 745011024.799797,
        "title" : "Untitled",
        "transform" : [
          1,
          0,
          -0,
          0,
          -0,
          0.7071069,
          -0.7071067,
          0,
          0,
          0.7071067,
          0.7071069,
          0,
          -9.313226e-10,
          0.10554046,
          0.1055405,
          1
        ]
      },
      {
        "date" : 745011006.073095,
        "title" : "Untitled",
        "transform" : [
          1,
          0,
          -0,
          0,
          -0,
          0.7071069,
          -0.7071067,
          0,
          0,
          0.7071067,
          0.7071069,
          0,
          1.1920929e-07,
          0.10554004,
          0.10554016,
          1
        ]
      }
    ]
  },
  "sceneViewportBackgroundColors" : {

  },
  "selectedSceneRelativePath" : "Immersive.usda"
}