{
  "advancedEditorSelectedIdentifier" : "ProjectBrowser",
  "openSceneRelativePaths" : [
    "guitar.usda"
  ],
  "recentIdentifiers" : {

  },
  "sceneCameraHistory" : {
    "7D633157-91BF-4887-A57A-8916F70CC1DD" : [
      {
        "date" : 744490561.286208,
        "title" : "Untitled",
        "transform" : [
          0.9972488,
          -1.6403334e-08,
          0.074127644,
          0,
          0.008598186,
          0.9932503,
          -0.1156723,
          0,
          -0.073627286,
          0.115991406,
          0.99051756,
          0,
          -0.13744976,
          0.7820584,
          1.1507014,
          1
        ]
      },
      {
        "date" : 744490553.801515,
        "title" : "Untitled",
        "transform" : [
          0.9972488,
          -1.4900443e-08,
          0.07412766,
          0,
          0.008598189,
          0.9932503,
          -0.11567233,
          0,
          -0.0736273,
          0.115991436,
          0.99051756,
          0,
          -0.13744967,
          0.78205836,
          1.1507014,
          1
        ]
      },
      {
        "date" : 744490543.42349,
        "title" : "Untitled",
        "transform" : [
          0.9972488,
          -1.2965017e-08,
          0.07412768,
          0,
          0.008598192,
          0.9932503,
          -0.11567236,
          0,
          -0.07362732,
          0.115991466,
          0.99051756,
          0,
          -0.13744976,
          0.7820585,
          1.1507014,
          1
        ]
      },
      {
        "date" : 744490539.032273,
        "title" : "Untitled",
        "transform" : [
          0.9972488,
          -1.0510975e-08,
          0.07412771,
          0,
          0.008598196,
          0.99325025,
          -0.1156724,
          0,
          -0.07362735,
          0.11599151,
          0.9905175,
          0,
          -0.13744976,
          0.7820585,
          1.1507014,
          1
        ]
      },
      {
        "date" : 744490427.408358,
        "title" : "Untitled",
        "transform" : [
          0.99724877,
          -6.6960792e-09,
          0.07412775,
          0,
          0.008598207,
          0.9932502,
          -0.11567245,
          0,
          -0.07362741,
          0.11599151,
          0.99051756,
          0,
          -0.19175461,
          0.3000304,
          2.575841,
          1
        ]
      },
      {
        "date" : 744490423.143542,
        "title" : "Untitled",
        "transform" : [
          0.992563,
          -6.710442e-09,
          -0.12173178,
          0,
          -0.013530911,
          0.99380326,
          -0.11032693,
          0,
          0.12097744,
          0.11115351,
          0.9864124,
          0,
          0.31288394,
          0.28747645,
          2.5511582,
          1
        ]
      },
      {
        "date" : 744490406.651251,
        "title" : "Untitled",
        "transform" : [
          0.9997007,
          -7.695126e-09,
          -0.024461808,
          0,
          -0.006727779,
          0.961435,
          -0.27495012,
          0,
          0.023518438,
          0.27503237,
          0.9611473,
          0,
          0.06082576,
          0.7113163,
          2.485815,
          1
        ]
      },
      {
        "date" : 744490123.175816,
        "title" : "Untitled",
        "transform" : [
          0.9801317,
          -7.949595e-09,
          -0.19834775,
          0,
          0.01118381,
          0.9984092,
          0.055264533,
          0,
          0.19803222,
          -0.056384843,
          0.9785725,
          0,
          0.51217073,
          -0.14582802,
          2.530882,
          1
        ]
      }
    ],
    "BE458509-176F-4153-96D9-FB619D451E42" : [
      {
        "date" : 744662561.126938,
        "title" : "Untitled",
        "transform" : [
          1,
          0,
          0,
          0,
          0,
          0.7071069,
          -0.70710677,
          0,
          0,
          0.70710677,
          0.7071069,
          0,
          0,
          1.8210174,
          1.8210176,
          1
        ]
      }
    ],
    "EAAEA4E2-1900-4586-A235-B5160E5E3E2D" : [
      {
        "date" : 744575371.852127,
        "title" : "Untitled",
        "transform" : [
          1,
          0,
          0,
          0,
          0,
          0.7071069,
          -0.70710677,
          0,
          0,
          0.70710677,
          0.7071069,
          0,
          0,
          2.3764126,
          2.3764129,
          1
        ]
      }
    ],
    "F70D9932-A8C7-4308-B89D-BD28875ED3E1" : [
      {
        "date" : 744490104.163067,
        "title" : "Untitled",
        "transform" : [
          0.9996786,
          -4.485635e-09,
          0.02535062,
          0,
          0.0013621508,
          0.99855536,
          -0.053714912,
          0,
          -0.025313998,
          0.05373224,
          0.9982345,
          0,
          -0.028696956,
          0.057678804,
          1.1316378,
          1
        ]
      },
      {
        "date" : 744490100.13845,
        "title" : "Untitled",
        "transform" : [
          0.9996786,
          -4.485635e-09,
          0.02535062,
          0,
          0.0013621508,
          0.99855536,
          -0.053714912,
          0,
          -0.025313998,
          0.05373224,
          0.9982345,
          0,
          -0.007883322,
          0.015844904,
          0.3108715,
          1
        ]
      },
      {
        "date" : 744490095.323593,
        "title" : "Untitled",
        "transform" : [
          0.9994767,
          -4.164729e-09,
          0.03234567,
          0,
          0.016155701,
          0.8663311,
          -0.49920875,
          0,
          -0.02802206,
          0.4994701,
          0.86587775,
          0,
          -0.012706503,
          0.22499399,
          0.39262903,
          1
        ]
      },
      {
        "date" : 744490074.57839,
        "title" : "Untitled",
        "transform" : [
          0.99947685,
          -3.5641226e-09,
          0.032345675,
          0,
          0.009064789,
          0.95992786,
          -0.28010058,
          0,
          -0.031049524,
          0.2802472,
          0.95942557,
          0,
          -0.08030337,
          0.7248035,
          2.4813626,
          1
        ]
      },
      {
        "date" : 744490071.757363,
        "title" : "Untitled",
        "transform" : [
          0.9970465,
          -3.0241019e-09,
          0.0768017,
          0,
          -0.00041099763,
          0.9999858,
          0.005335659,
          0,
          -0.076800615,
          -0.0053514885,
          0.9970322,
          0,
          -0.19862941,
          -0.013840443,
          2.5786242,
          1
        ]
      }
    ]
  },
  "sceneViewportBackgroundColors" : {

  },
  "selectedSceneRelativePath" : "Untitled Scene.usda"
}